   code                      nom                                               geometry  disease        NO2             O3      PM2.5       PM10       SO2  
0    01                      Ain      POLYGON ((4.78021 46.17668, 4.78024 46.18905, ...      440  11.309661      52.565980   9.205282  13.531373  2.711290
1    02                    Aisne      POLYGON ((3.17296 50.01131, 3.17382 50.01186, ...      475  17.966328      50.336674  13.036675  17.564406  0.311225  
2    03                   Allier      POLYGON ((3.03207 46.79491, 3.03424 46.79080, ...      603  14.849769      59.426090   6.817638  12.670063  2.914878  
3    04  Alpes-de-Haute-Provence      POLYGON ((5.67604 44.19143, 5.67817 44.19051, ...      943  10.177062      75.392374   7.035978  11.810604  0.923570  
4    05             Hautes-Alpes      POLYGON ((6.26057 45.12685, 6.26417 45.12641, ...     1016  22.992953      76.979542  10.633081  17.641022  1.716219  
..  ...                      ...   ..                                                ...      ...        ...   ..        ...        ...        ...       ...  
91   91                  Essonne      POLYGON ((2.22656 48.77610, 2.22866 48.77451, ...      705  35.398132      56.800330   7.781828  13.214885  1.318656  
92   92           Hauts-de-Seine      POLYGON ((2.29097 48.95097, 2.29162 48.95077, ...      737  30.804433      43.674274  12.087967  19.889085  1.216686  
93   93        Seine-Saint-Denis      POLYGON ((2.55306 49.00982, 2.55814 49.01201, ...     1026  38.064120      45.586676  13.203023  27.125083  1.715832  
94   94             Val-de-Marne      POLYGON ((2.33190 48.81701, 2.33371 48.81677, ...      680  27.284078      47.702316  10.797380  19.379992  1.023450  
95   95               Val-d'Oise      POLYGON ((2.59052 49.07965, 2.59013 49.07786, ...      845  23.961001      59.650674   9.989229  15.259122  1.318656  